0 0
1 1
2 2
3 3
4 4
5 4
6 5
7 6
8 7
9 7
10 6
11 6
12 7
13 8
14 9
15 9
16 7
17 8
18 9
19 10
20 5
21 6
22 6
23 5
24 6
25 6
26 7
27 8
28 9
29 10
30 11
31 11
32 11
33 5
34 6
35 5
36 6
37 5
38 4
39 3
40 3
41 4
42 4
43 4
44 1
45 2
46 3
47 4
48 3
49 2
50 3
51 3
52 4
53 5
54 6
55 7
56 8
57 7
58 8
59 8
60 8
61 9
62 10
63 6
64 2
65 3
66 4
67 5
68 5
69 2
70 3
71 4
72 5
73 1
74 1
75 2
76 3
77 3
78 1
79 2
80 3
81 1
82 2
83 3
84 1
85 2
86 3
87 4
88 3
89 2
90 3
91 4
92 4
93 5
94 6
95 5
96 6
97 6
98 5
99 5
100 6
101 7
102 6
103 7
104 5
105 6
106 6
107 4
108 5
109 6
110 6
111 5
112 6
113 7
114 8
115 9
116 10
117 11
118 12
119 13
120 12
121 11
122 12
123 13
124 14
125 15
126 9
127 10
128 11
129 11
130 12
131 12
132 13
133 12
134 13
135 14
136 11
137 12
138 13
139 14
140 12
141 11
142 10
143 11
144 12
145 12
146 11
147 10
148 11
149 9
150 9
151 10
152 8
153 9
154 10
155 10
156 11
157 11
158 12
159 13
160 14
161 14
162 14
163 15
164 13
165 14
166 15
167 16
168 15
169 16
170 16
171 17
172 18
173 19
174 20
175 20
176 20
177 21
178 22
179 23
180 20
181 21
182 22
183 23
184 23
185 24
186 24
187 25
188 26
189 27
190 27
191 28
192 28
193 29
194 30
195 31
196 31
197 31
198 31
199 32
200 33
201 34
202 35
203 34
204 35
205 34
206 34
207 33
208 34
209 35
210 35
211 36
212 35
213 36
214 36
215 37
216 38
217 38
218 39
219 40
220 41
221 42
222 41
223 38
224 38
225 39
226 37
227 38
228 39
229 38
230 39
231 36
232 35
233 35
234 32
235 29
236 30
237 31
238 30
239 30
240 27
241 22
242 22
243 22
244 23
245 24
246 25
247 22
248 22
249 21
250 22
251 21
252 22
253 23
254 22
255 22
256 23
257 24
258 24
259 25
260 25
261 23
262 24
263 25
264 25
265 26
266 27
267 28
268 29
269 29
270 30
271 31
272 32
273 32
274 33
275 33
276 34
277 35
278 36
279 37
280 38
281 39
282 40
283 41
284 41
285 41
286 40
287 41
288 42
289 43
290 44
291 45
292 46
293 47
294 48
295 49
296 50
297 51
298 52
299 53
300 54
301 54
302 55
303 56
304 56
305 57
306 58
307 57
308 55
309 56
310 57
311 58
312 59
313 60
314 61
315 62
316 62
317 63
318 64
319 63
320 63
321 64
322 65
323 64
324 65
325 66
326 66
327 67
328 62
329 62
330 63
331 64
332 65
333 63
334 64
335 63
336 59
337 56
338 57
339 58
340 57
341 50
342 51
343 50
344 50
345 51
346 49
347 49
348 50
349 47
350 46
351 45
352 46
353 46
354 46
355 47
356 48
357 49
358 46
359 44
360 44
361 44
362 44
363 44
364 43
365 43
366 42
367 40
368 41
369 37
370 35
371 33
372 34
373 35
374 34
375 34
376 34
377 35
378 35
379 36
380 32
381 33
382 34
383 35
384 35
385 36
386 36
387 37
388 38
389 39
390 39
391 38
392 36
393 36
394 37
395 38
396 39
397 40
398 41
399 42
400 43
401 44
402 45
403 45
404 46
405 46
406 46
407 47
408 48
409 49
410 49
411 49
412 50
413 50
414 51
415 52
416 53
417 54
418 54
419 55
420 55
421 56
422 57
423 58
424 59
425 59
426 59
427 59
428 60
429 61
430 62
431 62
432 63
433 64
434 65
435 66
436 64
437 65
438 67
439 67
440 65
441 66
442 57
443 53
444 53
445 52
446 56
447 58
448 61
449 62
450 67
451 63
452 67
453 66
454 72
455 82
456 85
457 90
458 89
459 89
460 89
461 91
462 100
463 106
464 108
465 101
466 102
467 104
468 102
469 106
470 107
471 108
472 104
473 98
474 95
475 100
476 105
477 109
478 125
479 124
480 128
481 125
482 127
483 137
484 140
485 142
486 146
487 137
488 127
489 132
490 139
491 150
492 151
493 150
494 156
495 160
496 155
497 158
498 168
499 168
500 166
501 154
502 159
503 153
504 149
505 148
506 157
507 170
508 168
509 169
510 166
511 173
512 175
513 181
514 185
515 197
516 202
517 190
518 186
519 177
520 187
521 175
522 170
523 164
524 162
525 156
526 143
527 142
528 147
529 146
530 142
531 142
532 152
533 157
534 155
535 157
536 155
537 165
538 162
539 170
540 182
541 185
542 176
543 177
544 194
545 184
546 185
547 175
548 173
549 166
550 161
551 157
552 164
553 160
554 152
555 157
556 161
557 156
558 152
559 158
560 160
561 164
562 158
563 154
564 150
565 144
566 136
567 135
568 135
569 136
570 126
571 126
572 127
573 127
574 124
575 125
576 128
577 131
578 132
579 119
580 116
581 109
582 106
583 106
584 105
585 106
586 101
587 101
588 108
589 112
590 114
591 114
592 111
593 111
594 110
595 103
596 104
597 101
598 93
599 80
600 86
601 84
602 77
603 74
604 76
605 73
606 70
607 65
608 66
609 68
610 54
611 55
612 53
613 55
614 53
615 57
616 55
617 55
618 54
619 53
620 53
621 52
622 52
623 51
624 49
625 40
626 37
627 34
628 36
629 38
630 36
631 37
632 37
633 31
634 35
635 38
636 39
637 40
638 42
639 41
640 43
641 42
642 42
643 42
644 40
645 42
646 41
647 43
648 45
649 42
650 39
651 43
652 44
653 47
654 49
655 50
656 54
657 51
658 48
659 49
660 49
661 48
662 50
663 49
664 46
665 41
666 40
667 39
668 37
669 39
670 37
671 34
672 38
673 36
674 39
675 38
676 36
677 36
678 36
679 37
680 36
681 37
682 30
683 29
684 27
685 26
686 29
687 29
688 28
689 29
690 33
691 33
692 36
693 37
694 38
695 41
696 39
697 40
698 40
699 41
700 42
701 47
702 48
703 46
704 45
705 46
706 50
707 51
708 52
709 54
710 56
711 57
712 61
713 61
714 66
715 62
716 62
717 62
718 62
719 61
720 60
721 57
722 60
723 53
724 55
725 50
726 47
727 48
728 46
729 46
730 44
731 43
732 41
733 42
734 40
735 42
736 41
737 42
738 39
739 36
740 35
741 35
742 36
743 39
744 38
745 35
746 35
747 36
748 39
749 41
750 44
751 44
752 40
753 37
754 38
755 42
756 44
757 42
758 42
759 40
760 37
761 38
762 38
763 41
764 40
765 36
766 34
767 35
768 41
769 42
770 45
771 43
772 46
773 45
774 50
775 53
776 56
777 58
778 57
779 57
780 56
781 58
782 53
783 54
784 46
785 44
786 44
787 50
788 49
789 50
790 50
791 44
792 45
793 45
794 48
795 48
796 49
797 48
798 44
799 42
800 41
801 41
802 41
803 41
804 40
805 41
806 36
807 34
808 35
809 36
810 34
811 33
812 34
813 37
814 39
815 39
816 41
817 43
818 37
819 38
820 43
821 48
822 47
823 49
824 49
825 49
826 50
827 50
828 57
829 56
830 51
831 50
832 49
833 48
834 48
835 48
836 49
837 48
838 44
839 43
840 42
841 37
842 35
843 33
844 34
845 32
846 30
847 29
848 31
849 33
850 34
851 36
852 38
853 37
854 39
855 40
856 40
857 39
858 35
859 34
860 34
861 33
862 32
863 32
864 31
865 24
866 28
867 29
868 29
869 27
870 30
871 28
872 28
873 32
874 31
875 32
876 29
877 28
878 28
879 34
880 36
881 42
882 42
883 38
884 42
885 45
886 49
887 47
888 49
889 51
890 47
891 43
892 43
893 45
894 44
895 43
896 39
897 45
898 48
899 50
900 52
901 51
902 51
903 54
904 57
905 57
906 58
907 58
908 49
909 45
910 43
911 45
912 44
913 40
914 40
915 44
916 42
917 38
918 39
919 43
920 42
921 42
922 45
923 49
924 45
925 41
926 43
927 40
928 39
929 37
930 36
931 36
932 34
933 37
934 37
935 41
936 44
937 49
938 51
939 56
940 58
941 62
942 60
943 60
944 59
945 57
946 58
947 56
948 58
949 58
950 51
951 52
952 54
953 52
954 52
955 51
956 46
957 49
958 52
959 52
960 59
961 56
962 57
963 62
964 64
965 65
966 66
967 67
968 69
969 81
970 79
971 83
972 86
973 86
974 92
975 92
976 102
977 98
978 96
979 85
980 88
981 85
982 80
983 84
984 80
985 77
986 69
987 73
988 71
989 74
990 74
991 83
992 83
993 77
994 80
995 86
996 93
997 94
998 102
999 103
1000 106
1001 102
1002 109
1003 115
1004 116
1005 113
1006 114
1007 109
1008 107
1009 107
1010 101
1011 101
1012 101
1013 90
1014 90
1015 96
1016 94
1017 97
1018 96
1019 100
1020 111
1021 112
1022 127
1023 130
1024 128
1025 137
1026 151
1027 160
1028 170
1029 174
1030 177
1031 191
1032 188
1033 193
1034 205
1035 200
1036 199
1037 199
1038 192
1039 189
1040 195
1041 181
1042 182
1043 172
1044 165
1045 171
1046 163
1047 156
1048 161
1049 159
1050 155
1051 153
1052 159
1053 161
1054 172
1055 165
1056 174
1057 180
1058 182
1059 190
1060 193
1061 185
1062 183
1063 185
1064 169
1065 168
1066 164
1067 168
1068 163
1069 163
1070 158
1071 162
1072 159
1073 157
1074 161
1075 167
1076 169
1077 159
1078 157
1079 158
1080 152
1081 149
1082 151
1083 150
1084 143
1085 134
1086 137
1087 132
1088 137
1089 119
1090 126
1091 130
1092 136
1093 132
1094 136
1095 138
1096 135
1097 138
1098 141
1099 151
1100 148
1101 145
1102 143
1103 144
1104 150
1105 155
1106 148
1107 144
1108 146
1109 145
1110 138
1111 136
1112 127
1113 129
1114 119
1115 113
1116 120
1117 114
1118 107
1119 103
1120 103
1121 105
1122 104
1123 104
1124 103
1125 106
1126 102
1127 106
1128 112
1129 115
1130 118
1131 119
1132 121
1133 116
1134 115
1135 108
1136 108
1137 110
1138 108
1139 100
1140 90
1141 86
1142 82
1143 80
1144 82
1145 84
1146 76
1147 73
1148 80
1149 79
1150 82
1151 84
1152 84
1153 84
1154 79
1155 78
1156 80
1157 77
1158 71
1159 70
1160 72
1161 73
1162 65
1163 59
1164 66
1165 72
1166 74
1167 80
1168 77
1169 78
1170 79
1171 79
1172 86
1173 90
1174 90
1175 88
1176 88
1177 81
1178 78
1179 79
1180 76
1181 71
1182 73
1183 74
1184 69
1185 63
1186 57
1187 60
1188 59
1189 59
1190 61
1191 65
1192 59
1193 56
1194 59
1195 57
1196 58
1197 62
1198 60
1199 63
1200 57
1201 57
1202 55
1203 56
1204 51
1205 50
1206 51
1207 45
1208 46
1209 44
1210 42
1211 41
1212 39
1213 41
1214 47
1215 49
1216 51
1217 56
1218 52
1219 51
1220 52
1221 53
1222 53
1223 50
1224 48
1225 40
1226 38
1227 35
1228 37
1229 38
1230 38
1231 40
1232 43
1233 44
1234 43
1235 44
1236 40
1237 44
1238 43
1239 45
1240 48
1241 45
1242 46
1243 46
1244 54
1245 51
1246 55
1247 51
1248 54
1249 55
1250 53
1251 51
1252 45
1253 47
1254 44
1255 46
1256 45
1257 46
1258 44
1259 39
1260 41
1261 42
1262 43
1263 39
1264 34
1265 39
1266 36
1267 37
1268 35
1269 33
1270 33
1271 35
1272 37
1273 38
1274 38
1275 36
1276 33
1277 37
1278 38
1279 42
1280 39
1281 35
1282 33
1283 36
1284 37
1285 38
1286 38
1287 32
1288 33
1289 32
1290 26
1291 26
1292 25
1293 25
1294 24
1295 24
1296 21
1297 25
1298 25
1299 29
1300 33
1301 34
1302 33
1303 28
1304 28
1305 28
1306 26
1307 26
1308 17
1309 18
1310 19
1311 13
1312 14
1313 11
1314 12
1315 12
1316 11
1317 12
1318 15
1319 18
1320 16
1321 18
1322 23
1323 22
1324 25
1325 26
1326 27
1327 25
1328 29
1329 30
1330 31
1331 31
1332 30
1333 34
1334 32
1335 34
1336 32
1337 33
1338 27
1339 31
1340 27
1341 19
1342 18
1343 19
1344 19
1345 18
1346 19
1347 19
1348 18
1349 18
1350 13
1351 14
1352 15
1353 16
1354 16
1355 15
1356 14
1357 14
1358 15
1359 15
1360 15
1361 17
1362 18
1363 16
1364 15
1365 14
1366 14
1367 16
1368 17
1369 18
1370 21
1371 19
1372 21
1373 22
1374 23
1375 22
1376 22
1377 17
1378 18
1379 20
1380 19
1381 18
1382 17
1383 13
1384 12
1385 5
1386 5
1387 6
1388 6
1389 7
1390 8
1391 9
1392 10
1393 12
1394 11
1395 12
1396 13
1397 14
1398 15
1399 15
1400 16
1401 17
1402 18
1403 16
1404 13
1405 14
1406 3
1407 4
1408 5
1409 6
1410 5
1411 6
1412 7
1413 8
1414 9
1415 10
1416 11
1417 12
1418 12
1419 13
1420 12
1421 13
1422 12
1423 8
