0 0
1 2
2 4
3 7
4 6
5 7
6 10
7 6
8 8
9 11
10 5
11 6
12 5
13 3
14 3
15 4
16 4
17 1
18 2
19 4
20 3
21 2
22 3
23 3
24 8
25 8
26 10
27 6
28 2
29 5
30 5
31 5
32 1
33 1
34 2
35 3
36 3
37 1
38 2
39 3
40 1
41 2
42 3
43 1
44 2
45 3
46 4
47 3
48 2
49 3
50 4
51 4
52 5
53 6
54 5
55 6
56 6
57 5
58 5
59 6
60 7
61 6
62 7
63 6
64 5
65 6
66 12
67 13
68 13
69 14
70 11
71 11
72 10
73 11
74 14
75 23
76 31
77 38
78 36
79 27
80 23
81 30
82 56
83 64
84 49
85 37
86 40
87 65
88 65
89 52
90 67
91 82
92 89
93 101
94 107
95 100
96 128
97 142
98 139
99 160
100 166
101 148
102 166
103 197
104 187
105 156
106 142
107 157
108 182
109 184
110 161
111 157
112 160
113 144
114 126
115 125
116 116
117 106
118 114
119 103
120 86
121 73
122 54
123 57
124 53
125 40
126 36
127 38
128 43
129 42
130 39
131 50
132 49
133 41
134 39
135 38
136 36
137 26
138 33
139 41
140 42
141 46
142 56
143 62
144 60
145 50
146 44
147 42
148 35
149 35
150 44
151 42
152 37
153 36
154 45
155 53
156 56
157 44
158 50
159 48
160 41
161 41
162 34
163 39
164 43
165 49
166 51
167 48
168 42
169 32
170 34
171 40
172 34
173 24
174 30
175 32
176 36
177 45
178 47
179 43
180 52
181 57
182 43
183 44
184 42
185 41
186 36
187 41
188 58
189 57
190 51
191 51
192 59
193 65
194 79
195 92
196 88
197 77
198 74
199 86
200 106
201 113
202 101
203 96
204 111
205 137
206 177
207 200
208 195
209 171
210 155
211 165
212 193
213 168
214 158
215 167
216 152
217 134
218 126
219 138
220 148
221 155
222 138
223 113
224 103
225 106
226 118
227 108
228 90
229 84
230 82
231 78
232 72
233 72
234 79
235 88
236 76
237 63
238 61
239 57
240 57
241 50
242 42
243 49
244 52
245 40
246 38
247 44
248 48
249 51
250 53
251 46
252 41
253 39
254 33
255 36
256 39
257 38
258 32
259 24
260 33
261 28
262 19
263 12
264 16
265 26
266 31
267 34
268 31
269 18
270 18
271 15
272 15
273 15
274 21
275 23
276 19
277 17
278 5
279 12
280 15
281 16
282 14
283 3
284 8
285 12
286 12
287 8
