1 	0.0 7.94270208083 110.0 1.0 2.0 2.0 3.0 43.0 109.0017 15.1781963461
2 	0.0 8.19623781409 109.0 1.0 2.0 2.0 3.0 45.0 109.0 15.5589030488
3 	0.0 9.05059237912 109.0 1.0 2.0 2.0 5.0 49.0 109.0 16.7699585633
4 	0.0 10.4712102951 112.0 1.0 1.0 2.0 9.0 53.0 112.0 18.2852979754
5 	0.0 11.7781899834 106.0 1.0 1.0 2.0 15.0 54.0 106.0 18.679208312
6 	0.0 15.0031973899 108.0 1.0 1.0 2.0 25.0 60.0 107.0 20.7280989093
7 	0.0 19.8814682184 110.0 1.0 1.0 10.0 33.0 67.0 110.0 22.6044874446
8 	0.0 25.8306024393 106.0 1.0 6.0 22.0 40.0 71.0 105.1884 22.8006073331
9 	0.0 30.3915343915 106.0 4.0 12.25 27.0 43.0 72.0 106.0 21.7525086092
10 	0.0 7.97006227647 111.0 1.0 2.0 2.0 3.0 44.0 110.0 15.3233015578
11 	0.0 7.95189618244 112.0 1.0 2.0 2.0 3.0 43.0 112.0 15.2827495369
12 	0.0 7.98633928345 110.0 1.0 2.0 2.0 3.0 43.0 110.0 15.28346838
13 	0.0 8.04393241167 110.0 1.0 2.0 2.0 3.0 44.0 110.0 15.3915782592
14 	0.0 7.97654193548 109.0 1.0 2.0 2.0 3.0 44.0 108.1251 15.2028364727
15 	0.0 8.21653379188 115.0 1.0 2.0 2.0 3.0 45.0 114.0 15.9236373597
16 	0.0 7.99847368421 109.0 1.0 2.0 2.0 3.0 44.0 109.0 15.2561893492
17 	0.0 8.07842928877 112.0 1.0 2.0 2.0 3.0 44.0 111.0 15.4442976032
18 	0.0 8.10154110509 109.0 1.0 2.0 2.0 3.0 44.0 109.0 15.4337264885
19 	0.0 8.32935172114 112.0 1.0 2.0 2.0 3.0 46.0 111.3165 15.9466686247
20 	0.0 8.20205959083 110.0 1.0 2.0 2.0 3.0 45.0 110.0 15.6226450884
21 	0.0 8.46691677088 111.0 1.0 2.0 2.0 3.0 47.0 110.4016 16.1443854036
22 	0.0 8.3861647959 111.0 1.0 2.0 2.0 4.0 46.0 111.0 15.870314544
23 	0.0 8.35534806693 109.0 1.0 2.0 2.0 4.0 45.0 109.0 15.7461378434
24 	0.0 8.47970682812 111.0 1.0 2.0 2.0 4.0 46.0 111.0 16.0340424214
25 	0.0 8.75897104599 118.0 1.0 2.0 2.0 4.0 48.0 118.0 16.7219316999
26 	0.0 8.57309451903 108.0 1.0 2.0 2.0 4.0 46.0 108.0 16.0444636705
27 	0.0 8.6603342771 109.0 1.0 2.0 2.0 4.0 47.0 108.0 16.1935365288
28 	0.0 8.76799456068 110.0 1.0 2.0 2.0 4.0 47.0 109.0 16.3539077692
29 	0.0 8.93091515399 112.0 1.0 2.0 2.0 5.0 48.0 111.8214 16.566029425
30 	0.0 9.06043041056 113.0 1.0 2.0 2.0 5.0 48.75 113.0 16.8582948778
31 	0.0 9.04542346391 109.0 1.0 2.0 2.0 5.0 48.0 108.0 16.6286691675
32 	0.0 9.24364105448 110.0 1.0 2.0 2.0 6.0 49.0 110.0 16.9985449051
33 	0.0 9.34861982858 108.0 1.0 1.0 2.0 6.0 49.0 107.0 16.9625766766
34 	0.0 9.45414741778 109.0 1.0 1.0 2.0 7.0 49.0 109.0 17.0273238199
35 	0.0 9.55730281863 109.0 1.0 1.0 2.0 7.0 50.0 109.0 17.1153414173
36 	0.0 9.75746548218 108.0 1.0 1.0 2.0 8.0 50.0 107.0 17.3111304703
37 	0.0 9.92505486467 112.0 1.0 1.0 2.0 8.0 51.0 112.0 17.6677283796
38 	0.0 10.2064239029 112.0 1.0 1.0 2.0 8.0 53.0 111.0 18.1303693564
39 	0.0 10.0191661576 109.0 1.0 1.0 2.0 8.25 51.0 109.0 17.5533313144
40 	0.0 10.3507755705 111.0 1.0 1.0 2.0 9.0 53.0 110.0 18.0483956265
41 	0.0 10.5265056897 111.0 1.0 1.0 2.0 9.0 53.0 111.0 18.37758629
42 	0.0 10.5860482015 110.0 1.0 1.0 2.0 10.0 53.0 109.0 18.1908205436
43 	0.0 11.3164713649 126.0 1.0 1.0 2.0 11.0 56.0 126.0 19.8641227974
44 	0.0 10.8893989808 113.0 1.0 1.0 2.0 11.0 53.0 112.0 18.5590819174
45 	0.0 11.0852642934 110.0 1.0 1.0 2.0 12.0 54.0 110.0 18.6550813768
46 	0.0 11.2813979208 115.0 1.0 1.0 2.0 13.0 54.0 115.0 18.9213356924
47 	0.0 11.4183784273 111.0 1.0 1.0 2.0 13.0 54.0 111.0 18.8374285134
48 	0.0 11.4005847953 109.0 1.0 1.0 2.0 13.75 53.0 108.0 18.5164515658
49 	0.0 11.7240365929 108.0 1.0 1.0 2.0 14.0 54.0 107.0 18.9218039743
50 	0.0 11.8719550891 107.0 1.0 1.0 2.0 15.0 54.0 107.0 18.8547641261
51 	0.0 12.4615114059 109.0 1.0 1.0 2.0 16.0 57.0 109.0 19.6672577121
52 	0.0 12.3171096774 106.0 1.0 1.0 2.0 17.0 54.0 105.0626 18.9721448488
53 	0.0 12.7429023747 107.0 1.0 1.0 2.0 18.0 56.0 107.0 19.5071266598
54 	0.0 13.0208016511 110.0 1.0 1.0 2.0 19.0 56.0 109.0 19.7335926025
55 	0.0 13.1794943663 107.0 1.0 1.0 2.0 19.0 56.0 107.0 19.5862769997
56 	0.0 13.5892960351 107.0 1.0 1.0 2.0 21.0 56.0 107.0 19.8788835557
57 	0.0 13.8406990521 111.0 1.0 1.0 2.0 21.0 57.0 110.3121 20.1901339048
58 	0.0 14.4720068906 112.0 1.0 1.0 2.0 22.0 59.0 112.0 20.8259067799
59 	0.0 14.8492753623 112.0 1.0 1.0 2.0 24.0 59.0 112.0 20.9682922424
60 	0.0 14.8770063944 107.0 1.0 1.0 2.0 24.0 59.0 107.0 20.5503445638
61 	0.0 15.38091706 106.0 1.0 1.0 2.0 26.0 60.0 106.0 20.746245181
62 	0.0 15.6589415427 109.0 1.0 1.0 3.0 26.0 60.3 109.0 21.0216876395
63 	0.0 16.2971498313 110.0 1.0 1.0 4.0 28.0 62.0 109.6072 21.4819488338
64 	0.0 16.4287727104 106.0 1.0 1.0 5.0 28.0 61.0 106.0 21.1901132601
65 	0.0 16.7750208034 108.0 1.0 1.0 6.0 28.0 62.0 108.0 21.3985712382
66 	0.0 17.4001102015 107.0 1.0 1.0 7.0 29.0 63.0 106.7297 21.6118823871
67 	0.0 17.9829738933 110.0 1.0 1.0 8.0 30.0 64.0 109.7667 21.9795599589
68 	0.0 18.4434209414 108.0 1.0 1.0 9.0 31.0 64.4 108.0 21.888117685
69 	0.0 19.1159319075 109.0 1.0 1.0 10.0 32.0 65.0 108.0 22.1312422828
70 	0.0 19.3412385896 106.0 1.0 1.0 10.0 32.0 65.35 106.0 21.9498302314
71 	0.0 20.1810577191 108.0 1.0 1.0 11.0 33.0 67.0 108.0 22.4200727394
72 	0.0 20.6192922374 110.0 1.0 1.0 12.0 34.0 68.0 110.0 22.6529143572
73 	0.0 21.4996997598 107.0 1.0 1.0 14.0 35.0 68.0 106.0009 22.41566795
74 	0.0 22.3490216272 106.0 1.0 2.0 15.0 36.0 69.0 106.0 22.7427836603
75 	0.0 22.3416392747 104.0 1.0 2.0 16.0 36.0 68.0 104.0 22.2092191572
76 	0.0 23.6768392371 113.0 1.0 2.0 17.0 37.0 72.0 113.0 23.5826954253
77 	0.0 23.6150487068 108.0 1.0 4.0 18.0 37.0 69.0 108.0 22.6458386761
78 	0.0 24.2261271676 108.0 1.0 5.0 19.0 38.0 69.0 108.0 22.6663655362
79 	0.0 25.4167958965 109.0 1.0 5.0 21.0 39.0 72.0 109.0 23.3829523702
80 	0.0 26.2816120286 109.0 1.0 6.0 22.0 40.0 72.0 109.0 23.16844023
81 	0.0 26.1492330903 109.0 1.0 6.25 22.0 40.0 71.0 108.2047 22.9657501554
82 	0.0 26.827824951 106.0 1.0 7.0 23.0 40.0 71.0 106.0 22.6254975249
83 	0.0 27.5906686559 105.0 1.0 8.0 24.0 41.0 71.0 105.0 22.3181277255
84 	0.0 28.3000830105 105.0 1.0 9.0 25.0 42.0 72.0 105.0 22.3443708252
85 	0.0 29.3075942193 114.0 1.0 10.0 25.0 43.0 75.0 114.0 23.4931521255
86 	0.0 28.9906069364 108.0 1.0 10.0 25.0 42.0 73.0 108.0 22.4284359321
87 	0.0 29.2987509184 107.0 2.0 11.0 26.0 42.0 72.0 107.0 22.0140881997
88 	0.0 29.9139461411 105.0 3.0 12.0 26.0 42.0 72.0 105.0 21.8216810669
89 	0.0 29.9785078293 104.0 3.0 12.0 27.0 43.0 73.0 104.0 21.7239816149
90 	0.0 30.2145969499 106.0 4.0 12.0 27.0 42.0 72.0 105.3575 21.5837639366
01 	1.0 7.7790950594 110.0 1.0 2.0 2.0 3.0 42.0 109.0 14.8261756303
02 	0.0 7.81325662232 111.0 1.0 2.0 2.0 3.0 42.0 110.0 14.9895191072
03 	1.0 7.73670027189 112.0 1.0 2.0 2.0 3.0 42.0 111.0 14.7872765519
04 	0.0 7.99076915642 109.0 1.0 2.0 2.0 3.0 44.0 109.0 15.2639444996
05 	0.0 7.88537443865 114.0 1.0 2.0 2.0 3.0 43.0 113.8806 15.2469868829
06 	0.0 7.88782903564 111.0 1.0 2.0 2.0 3.0 43.0 111.0 15.1367025405
07 	0.0 7.96636243192 112.0 1.0 2.0 2.0 3.0 44.0 111.0 15.3745402413
08 	0.0 7.86270446303 110.0 1.0 2.0 2.0 3.0 43.0 110.0 15.0998215983
09 	0.0 7.883600775 110.0 1.0 2.0 2.0 3.0 43.0 110.0 15.2046471344
