1 	1.0 8.49739389427 125.0 1.0 2.0 2.0 4.0 45.0 124.0 16.7692184894
2 	1.0 5.1700413673 68.0 1.0 2.0 2.0 3.0 24.0 68.0 8.60514512442
3 	1.0 5.57713728766 66.0 1.0 2.0 2.0 3.0 27.0 65.2819 9.55440507594
4 	1.0 4.32064 42.0 1.0 2.0 2.0 3.0 20.0 42.0 6.48909777938
5 	1.0 2.67914893617 18.0 1.0 1.0 2.0 2.0 10.0 18.0 2.68962374161
6 	1.0 1.93732970027 5.0 1.0 1.0 2.0 2.0 4.0 5.0 0.82130782778
7 	1.0 2.13402061856 5.0 1.0 2.0 2.0 2.0 4.0 5.0 0.915264211523
8 	1.0 1.66666666667 2.0 1.0 1.0 2.0 2.0 2.0 2.0 0.471404520791
10 	1.0 8.404224469 124.0 1.0 2.0 2.0 4.0 44.15 123.0 16.5092670571
11 	1.0 8.59118742242 125.0 1.0 2.0 2.0 4.0 46.0 124.0 16.977562553
12 	1.0 8.78292030049 123.0 1.0 2.0 2.0 4.0 46.0 122.6839 17.1618243588
13 	1.0 9.26777390596 126.0 1.0 2.0 2.0 4.0 49.0 125.0 18.0348535736
14 	1.0 9.20823462523 122.0 1.0 2.0 2.0 5.0 48.0 121.0 17.4498045654
15 	1.0 8.20969543147 100.0 1.0 2.0 2.0 4.0 42.0 100.0 14.9528238648
16 	1.0 6.20848812338 98.0 1.0 2.0 2.0 3.0 31.0 97.0 11.083280986
17 	1.0 5.96758823529 80.0 1.0 2.0 2.0 3.0 29.0 79.0 10.0318174446
18 	1.0 5.46932728075 65.0 1.0 2.0 2.0 3.0 25.0 65.0 8.79924227599
19 	1.0 5.10279610858 67.0 1.0 2.0 2.0 3.0 23.0 67.0 8.30099814361
20 	1.0 5.08365984618 65.0 1.0 2.0 2.0 3.0 24.0 65.0 8.28333224655
21 	1.0 4.80722891566 66.0 1.0 2.0 2.0 3.0 22.0 65.0 7.9813535042
22 	1.0 4.85675295674 65.0 1.0 2.0 2.0 3.0 22.0 65.0 8.10450871186
23 	1.0 5.07530831803 66.0 1.0 2.0 2.0 3.0 24.0 66.0 8.4346115011
24 	1.0 5.15725618292 67.0 1.0 2.0 2.0 3.0 24.0 66.0 8.60282443572
25 	1.0 5.12407370318 65.0 1.0 2.0 2.0 3.0 24.0 65.0 8.56012343759
26 	1.0 5.23129615755 65.0 1.0 2.0 2.0 3.0 24.0 64.0658 8.7343515766
27 	1.0 5.37954099873 65.0 1.0 2.0 2.0 3.0 26.0 64.133 9.04058641963
28 	1.0 5.50725344386 65.0 1.0 2.0 2.0 3.0 26.0 65.0 9.252959096
29 	1.0 5.47415894686 64.0 1.0 2.0 2.0 3.0 26.0 64.0 9.14754939232
30 	1.0 5.62712336397 65.0 1.0 2.0 2.0 3.0 27.0 65.0 9.57643361637
31 	1.0 5.78711905119 66.0 1.0 2.0 2.0 3.0 29.0 65.334 9.88589862203
32 	1.0 4.33187331536 47.0 1.0 2.0 2.0 3.0 20.0 47.0 6.88077385051
33 	1.0 4.54795512125 48.0 1.0 2.0 2.0 3.0 21.0 48.0 7.19568767255
34 	1.0 4.65861669243 47.0 1.0 2.0 2.0 3.0 22.0 46.4825 7.30157104074
35 	1.0 4.83230325505 48.0 1.0 2.0 2.0 3.0 23.0 48.0 7.69665265308
36 	1.0 3.86435551419 42.0 1.0 2.0 2.0 3.0 16.15 42.0 5.79593090813
37 	1.0 3.91018564977 42.0 1.0 2.0 2.0 3.0 17.0 42.0 5.80930976066
38 	1.0 4.01927843569 42.0 1.0 2.0 2.0 3.0 18.0 42.0 6.03247090173
39 	1.0 4.16829340432 43.0 1.0 2.0 2.0 3.0 19.0 43.0 6.38596974614
40 	1.0 4.33002560819 43.0 1.0 2.0 2.0 3.0 20.0 43.0 6.57106195261
41 	1.0 4.48700410397 41.0 1.0 2.0 2.0 3.0 21.0 41.0 6.62361427977
42 	1.0 4.69651376147 42.0 1.0 2.0 2.0 3.0 21.0 42.0 6.94539691485
43 	1.0 4.879560612 43.0 1.0 2.0 2.0 4.0 22.0 43.0 7.13914897317
44 	1.0 5.00518358531 42.0 1.0 2.0 2.0 4.0 23.0 42.0 7.35117092382
45 	1.0 3.98060666335 36.0 1.0 2.0 2.0 3.0 17.0 36.0 5.68606187811
46 	1.0 4.0663507109 35.0 1.0 2.0 2.0 3.0 17.0 35.0 5.73082533642
47 	1.0 4.25143184422 35.0 1.0 2.0 2.0 3.0 18.0 35.0 5.94209464634
48 	1.0 4.34010152284 35.0 1.0 2.0 2.0 3.0 18.0 34.8425 6.10471782191
49 	1.0 2.64992150706 19.0 1.0 1.0 2.0 2.0 9.0 19.0 2.77121685384
50 	1.0 2.7621483376 20.0 1.0 2.0 2.0 2.0 10.0 19.8828 2.90788377571
51 	1.0 2.76695319962 19.0 1.0 1.0 2.0 2.0 10.0 18.8954 2.90030736123
52 	1.0 2.78892371996 19.0 1.0 2.0 2.0 2.0 10.0 18.9044 2.95443675559
53 	1.0 2.12075471698 10.0 1.0 1.0 2.0 2.0 5.0 10.0 1.35628402211
54 	1.0 2.14285714286 11.0 1.0 1.0 2.0 2.0 5.0 11.0 1.4738994645
55 	1.0 2.14831804281 10.0 1.0 1.0 2.0 2.0 5.0 10.0 1.41346363024
56 	1.0 2.01883561644 7.0 1.0 1.0 2.0 2.0 4.0 7.0 1.02769259454
57 	1.0 2.02058319039 7.0 1.0 1.0 2.0 2.0 4.0 7.0 1.03103887867
58 	1.0 1.99811320755 9.0 1.0 1.0 2.0 2.0 4.0 8.9471 1.12853061353
59 	1.0 1.92788461538 5.0 1.0 1.0 2.0 2.0 4.0 5.0 0.868570524435
60 	1.0 1.94005449591 5.0 1.0 1.0 2.0 2.0 4.0 5.0 0.883825594195
01 	1.0 11.9819811208 150.0 1.0 2.0 2.0 5.0 68.0 150.0 23.9508330636
02 	1.0 12.3777075924 151.0 1.0 2.0 2.0 6.0 69.0 150.0 24.3935548724
03 	1.0 12.0813275173 151.0 1.0 2.0 2.0 5.0 68.25 151.0 24.3322690062
04 	1.0 11.3782911357 150.0 1.0 2.0 2.0 5.0 65.0 150.0 23.0726124118
05 	1.0 10.5791466135 131.0 1.0 2.0 2.0 5.0 58.0 131.0 20.5143978579
06 	1.0 10.3990006913 131.0 1.0 2.0 2.0 4.0 60.0 131.0 20.859085962
07 	1.0 8.34893832154 112.0 1.0 2.0 2.0 4.0 45.0 112.0 16.2747293792
08 	1.0 8.67834753821 114.0 1.0 2.0 2.0 4.0 47.0 114.0 16.8017700536
09 	1.0 9.24603203695 123.0 1.0 2.0 2.0 4.0 50.0 123.0 18.1390741766
