1 	1.0 8.28509669201 123.0 1.0 2.0 2.0 4.0 44.0 123.0 16.3554198891
2 	1.0 4.99828559183 66.0 1.0 2.0 2.0 3.0 23.0 66.0 8.22398753137
3 	1.0 5.50068231441 65.0 1.0 2.0 2.0 3.0 27.0 65.0 9.39092168079
4 	1.0 4.23069709284 42.0 1.0 2.0 2.0 3.0 19.0 41.6802 6.30678010708
5 	1.0 2.65539983512 19.0 1.0 1.0 2.0 2.0 10.0 19.0 2.76206148013
6 	1.0 1.944 5.0 1.0 1.0 2.0 2.0 4.0 5.0 0.90306736552
7 	1.0 1.81904761905 5.0 1.0 1.0 2.0 2.0 3.0 4.9896 0.753164149324
8 	1.0 1.81818181818 3.0 1.0 1.5 2.0 2.0 2.5 2.999 0.574959574576
10 	1.0 8.26962865745 123.0 1.0 2.0 2.0 4.0 44.0 123.0 16.3782723536
11 	1.0 8.42330713791 124.0 1.0 2.0 2.0 4.0 45.0 123.0 16.6158863324
12 	1.0 8.7108024298 123.0 1.0 2.0 2.0 4.0 46.0 123.0 17.0257205445
13 	1.0 8.93601959038 122.0 1.0 2.0 2.0 4.0 47.0 122.0 17.2668040677
14 	1.0 9.19903908947 122.0 1.0 2.0 2.0 5.0 48.0 122.0 17.585853139
15 	1.0 8.00084872691 99.0 1.0 2.0 2.0 4.0 41.0 99.0 14.628460667
16 	1.0 5.72017029747 73.0 1.0 2.0 2.0 3.0 28.0 72.0 9.56188565593
17 	1.0 6.04007412555 73.0 1.0 2.0 2.0 3.0 30.0 72.2733 10.144834484
18 	1.0 5.41523478692 64.0 1.0 2.0 2.0 3.0 25.0 64.0 8.7811950446
19 	1.0 5.06281776826 65.0 1.0 2.0 2.0 3.0 24.0 65.0 8.21146466031
20 	1.0 5.00878571429 64.0 1.0 2.0 2.0 3.0 23.0 64.0 8.22352861071
21 	1.0 4.75400739827 68.0 1.0 2.0 2.0 3.0 21.0 68.0 8.03150005843
22 	1.0 4.83382161458 65.0 1.0 2.0 2.0 3.0 22.0 65.0 8.07681356082
23 	1.0 4.95198347819 65.0 1.0 2.0 2.0 3.0 23.0 64.838 8.23074847411
24 	1.0 5.15531485221 66.0 1.0 2.0 2.0 3.0 24.0 66.0 8.57543127757
25 	1.0 5.05088582677 64.0 1.0 2.0 2.0 3.0 24.0 64.0 8.45541044248
26 	1.0 5.2269764508 64.0 1.0 2.0 2.0 3.0 25.0 63.0489 8.73143204614
27 	1.0 5.29303116147 65.0 1.0 2.0 2.0 3.0 25.0 65.0 8.9074830649
28 	1.0 5.42807521859 65.0 1.0 2.0 2.0 3.0 26.0 65.0 9.16342657163
29 	1.0 5.40239520958 65.0 1.0 2.0 2.0 3.0 25.0 65.0 9.10919751092
30 	1.0 5.53397925764 65.0 1.0 2.0 2.0 3.0 27.0 65.0 9.4212254784
31 	1.0 5.64755306604 65.0 1.0 2.0 2.0 3.0 28.0 65.0 9.72666155851
32 	1.0 4.35299950421 48.0 1.0 2.0 2.0 3.0 20.0 48.0 6.99611518449
33 	1.0 4.52093683463 48.0 1.0 2.0 2.0 3.0 21.0 48.0 7.17798821448
34 	1.0 4.63996212121 48.0 1.0 2.0 2.0 3.0 22.0 48.0 7.37209840188
35 	1.0 4.80857085102 48.0 1.0 2.0 2.0 3.0 23.0 48.0 7.66656185842
36 	1.0 3.90248915277 45.0 1.0 2.0 2.0 3.0 18.0 45.0 6.15698866711
37 	1.0 3.92767835254 42.0 1.0 2.0 2.0 3.0 17.0 42.0 5.86155685508
38 	1.0 4.21530584748 46.0 1.0 2.0 2.0 3.0 20.0 46.0 6.87198591489
39 	1.0 4.11613090067 43.0 1.0 2.0 2.0 3.0 19.0 43.0 6.31970957234
40 	1.0 4.27164738981 42.0 1.0 2.0 2.0 3.0 19.0 42.0 6.41984600772
41 	1.0 4.41029067825 42.0 1.0 2.0 2.0 3.0 20.0 42.0 6.60205202149
42 	1.0 4.57020057307 41.0 1.0 2.0 2.0 3.0 21.0 41.0 6.65142768266
43 	1.0 4.71483326945 42.0 1.0 2.0 2.0 3.0 21.0 42.0 6.92139062059
44 	1.0 4.94291754757 42.0 1.0 2.0 2.0 3.0 23.0 42.0 7.309910845
45 	1.0 3.85354025218 34.0 1.0 2.0 2.0 3.0 17.0 34.0 5.44168312259
46 	1.0 4.04155977424 36.0 1.0 2.0 2.0 3.0 17.0 35.8052 5.71001090676
47 	1.0 4.16091314031 34.0 1.0 2.0 2.0 3.0 18.0 34.0 5.74681552675
48 	1.0 4.16840811309 34.0 1.0 2.0 2.0 3.0 17.0 34.0 5.85356316331
49 	1.0 2.63285389856 18.0 1.0 1.0 2.0 2.0 9.0 18.0 2.6215975593
50 	1.0 2.6537510305 19.0 1.0 1.0 2.0 2.0 10.0 19.0 2.77049812825
51 	1.0 2.70852428964 19.0 1.0 1.0 2.0 2.0 10.0 19.0 2.94920497981
52 	1.0 2.75352112676 18.0 1.0 1.0 2.0 2.0 10.0 18.0 2.90365285034
53 	1.0 2.08062575211 10.0 1.0 1.0 2.0 2.0 5.0 10.0 1.37083164241
54 	1.0 2.14913448735 10.0 1.0 1.0 2.0 2.0 5.0 10.0 1.39109634862
55 	1.0 2.15124816446 11.0 1.0 1.0 2.0 2.0 5.0 11.0 1.45385276744
56 	1.0 2.01655629139 8.0 1.0 1.0 2.0 2.0 4.0 8.0 1.07795062264
57 	1.0 2.02152317881 7.0 1.0 1.0 2.0 2.0 4.0 7.0 1.05535546778
58 	1.0 2.0200729927 8.0 1.0 1.0 2.0 2.0 4.0 8.0 1.05572751154
59 	1.0 1.89671361502 5.0 1.0 1.0 2.0 2.0 4.0 5.0 0.812830502027
60 	1.0 1.91466666667 5.0 1.0 1.0 2.0 2.0 4.0 5.0 0.841061762827
01 	1.0 12.0672843435 151.0 1.0 2.0 2.0 5.0 68.0 150.0 23.9255954513
02 	1.0 12.4298432786 152.0 1.0 2.0 2.0 6.0 70.0 152.0 24.5687492797
03 	1.0 12.0583661621 156.0 1.0 2.0 2.0 5.0 69.0 155.0 24.357561631
04 	1.0 10.1152528323 132.0 1.0 2.0 2.0 4.0 56.0 132.0 19.9497796395
05 	1.0 10.429562202 128.0 1.0 2.0 2.0 5.0 57.0 128.0 20.1074138812
06 	1.0 10.1577514463 132.0 1.0 2.0 2.0 4.0 58.0 131.0 20.3646009076
07 	1.0 8.32094303336 114.0 1.0 2.0 2.0 4.0 45.0 113.9843 16.3434771206
08 	1.0 8.57965537565 114.0 1.0 2.0 2.0 4.0 46.9 114.0 16.6789368412
09 	1.0 8.78479139599 114.0 1.0 2.0 2.0 4.0 46.0 113.0 16.6918782653
