1 	0.0 7.43372946787 116.0 1.0 2.0 2.0 3.0 41.0 115.0 14.8170298777
2 	0.0 8.66145564909 107.0 1.0 1.0 2.0 4.0 47.0 106.0 16.6806604354
3 	0.0 6.5780531681 74.0 1.0 1.0 2.0 4.0 32.0 73.0 11.1735645575
4 	0.0 4.653197405 44.0 1.0 1.0 1.0 3.0 25.0 44.0 7.9416795933
5 	0.0 1.69205298013 13.0 1.0 1.0 1.0 2.0 5.0 13.0 1.61850937794
6 	0.0 1.92030360531 13.0 0.0 1.0 1.0 2.0 7.0 13.0 2.24523647192
7 	0.0 1.03180212014 3.0 0.0 1.0 1.0 1.0 2.0 3.0 0.608287234896
8 	0.0 1.06153846154 2.0 0.0 1.0 1.0 1.0 2.0 2.0 0.459997427315
10 	0.0 7.44122767181 114.0 1.0 2.0 2.0 3.0 41.0 114.0 14.8229748892
11 	0.0 9.39199222546 155.0 1.0 1.0 2.0 3.0 52.0 154.4276 20.3896228779
12 	0.0 9.20181013677 127.0 1.0 1.0 2.0 3.0 53.0 127.0 19.1049947753
13 	0.0 10.2845253032 144.0 1.0 1.0 2.0 4.0 59.0 143.0 21.2577610246
14 	0.0 10.3104992755 143.0 1.0 1.0 2.0 4.0 60.0 142.0 21.9602034632
15 	0.0 9.58737686976 136.0 1.0 1.0 2.0 4.0 54.0 135.0 19.415194342
16 	0.0 10.9233859533 150.0 1.0 1.0 2.0 4.0 62.0 149.0 22.8787339878
17 	0.0 10.8695866142 141.0 1.0 1.0 2.0 5.0 64.0 141.0 22.5717233962
18 	0.0 7.41151453937 93.0 1.0 1.0 2.0 3.0 41.0 92.119 14.3136926079
19 	0.0 10.4102083445 128.0 1.0 1.0 2.0 5.0 58.0 128.0 20.8378505347
20 	0.0 8.66113051944 109.0 1.0 1.0 2.0 4.0 47.0 108.0 16.6839627688
21 	0.0 7.00098747146 98.0 1.0 1.0 2.0 3.0 37.0 97.0 13.6042675673
22 	0.0 6.34368393235 89.0 1.0 1.0 2.0 3.0 33.0 89.0 12.2893942984
23 	0.0 7.37276321962 100.0 1.0 1.0 2.0 4.0 38.0 100.0 13.9055443617
24 	0.0 7.05028684751 91.0 1.0 1.0 2.0 4.0 36.0 90.5882 12.9069092457
25 	0.0 10.6539123924 118.0 1.0 1.0 2.0 5.0 65.0 117.0 21.1053877711
26 	0.0 5.82388728786 75.0 1.0 1.0 2.0 3.0 31.0 75.0 10.8650151973
27 	0.0 4.16221966138 49.0 1.0 1.0 2.0 2.0 21.0 49.0 7.15778294949
28 	0.0 6.1528548416 81.0 1.0 1.0 2.0 3.0 33.0 81.0 11.9161910027
29 	0.0 6.32139659803 84.0 1.0 1.0 2.0 3.0 35.0 84.0 12.378469866
30 	0.0 5.84880583591 72.0 1.0 1.0 2.0 3.0 29.0 72.0 10.5516296609
31 	0.0 5.42506840665 52.0 1.0 1.0 2.0 3.0 27.0 52.0 9.19102078392
32 	0.0 3.85244173791 54.0 1.0 1.0 1.0 2.0 18.0 54.0 6.78823335088
33 	0.0 4.45072463768 49.0 1.0 1.0 1.0 3.0 22.0 49.0 7.5014321954
34 	0.0 4.42505649008 46.0 1.0 1.0 1.0 3.0 21.0 46.0 7.23099688378
35 	0.0 3.90042576569 39.0 1.0 1.0 1.0 2.0 18.0 39.0 5.97856824119
36 	0.0 3.47149873493 37.0 1.0 1.0 1.0 2.0 16.0 37.0 5.59157473288
37 	0.0 3.53320947515 40.0 1.0 1.0 1.0 2.0 17.0 40.0 5.81006630782
38 	0.0 2.67508447448 28.0 1.0 1.0 1.0 2.0 11.0 28.0 3.86324512204
39 	0.0 3.10932594645 32.0 1.0 1.0 2.0 3.0 13.0 32.0 4.25106100579
40 	0.0 4.67593622544 45.0 1.0 1.0 1.0 2.0 25.0 44.4607 8.12658856462
41 	0.0 2.2651642797 19.0 1.0 1.0 1.0 2.0 8.0 19.0 2.59662303262
42 	0.0 2.87979708866 23.0 1.0 1.0 1.0 2.0 12.0 23.0 3.84427488134
43 	0.0 3.71485660555 35.0 1.0 1.0 1.0 2.0 18.0 35.0 5.93914288508
44 	0.0 4.19487427466 43.0 1.0 1.0 1.0 3.0 21.0 43.0 6.87845097728
45 	0.0 2.55392156863 26.0 1.0 1.0 1.0 2.0 10.0 26.0 3.43415036956
46 	0.0 2.5900729927 19.0 1.0 1.0 1.0 2.0 11.0 19.0 3.402208921
47 	0.0 1.77799736495 14.0 1.0 1.0 1.0 2.0 6.0 13.6965 1.81346615465
48 	0.0 1.91427546628 16.0 1.0 1.0 1.0 2.0 7.0 16.0 2.17000815181
49 	0.0 2.86265320836 27.0 1.0 1.0 1.0 2.0 12.0 27.0 4.00327330346
50 	0.0 1.66901408451 13.0 0.0 1.0 1.0 2.0 5.0 13.0 1.64678671493
51 	0.0 1.88724168913 14.0 0.0 1.0 1.0 2.0 7.0 14.0 2.12277023906
52 	0.0 2.87425149701 22.0 1.0 1.0 1.0 2.0 13.0 22.0 4.04879670945
53 	0.0 1.83235451148 17.0 1.0 1.0 1.0 2.0 5.0 17.0 1.80634216924
54 	0.0 2.25546218487 17.0 0.0 1.0 1.0 2.0 10.0 17.0 2.95621732368
55 	0.0 2.35606517803 20.0 0.0 1.0 1.0 2.0 10.2 20.0 3.29278591372
56 	0.0 2.16263879817 14.0 0.0 1.0 1.0 2.0 8.0 14.0 2.5403989847
57 	0.0 2.09928151535 13.0 0.0 1.0 1.0 2.0 8.0 13.0 2.41875283106
58 	0.0 1.95738636364 10.0 0.0 1.0 1.0 2.0 7.0 10.0 2.02355503683
59 	0.0 1.64043993232 8.0 0.0 1.0 1.0 2.0 5.0 8.0 1.51087064109
60 	0.0 1.92022792023 13.0 0.0 1.0 1.0 2.0 7.0 13.0 2.20964370526
01 	1.0 11.7171477758 159.0 1.0 2.0 2.0 4.0 68.0 159.0 24.3768771078
02 	1.0 12.0253684589 163.0 1.0 2.0 2.0 4.0 69.0 163.0 25.0582318452
03 	1.0 11.0842419837 148.0 1.0 2.0 2.0 4.0 62.0 147.0 22.6960851195
04 	1.0 11.3762837421 154.0 1.0 2.0 2.0 4.0 65.0 154.0 23.5561688869
05 	1.0 10.8708223043 139.0 1.0 2.0 2.0 4.0 61.0 139.0 21.471928158
06 	1.0 8.93416879638 110.0 1.0 2.0 2.0 4.0 49.0 109.0 17.1670036732
07 	0.0 11.1249331614 140.0 1.0 2.0 2.0 5.0 63.0 139.0 22.181872602
08 	1.0 9.63759040986 127.0 1.0 2.0 2.0 4.0 55.0 127.0 19.5891778985
09 	0.0 9.56019749335 126.0 1.0 2.0 2.0 4.0 53.0 126.0 19.0609065236
