1 	789831.0 827766.5 865702.0 793624.55 808798.75 827766.5 846734.25 861908.45 37935.5
2 	908849.0 937416.0 965983.0 911705.7 923132.5 937416.0 951699.5 963126.3 28567.0
3 	1029220.0 1029220.0 1029220.0 1029220.0 1029220.0 1029220.0 1029220.0 1029220.0 0.0
4 	1125676.0 1125676.0 1125676.0 1125676.0 1125676.0 1125676.0 1125676.0 1125676.0 0.0
5 	1276494.0 1276494.0 1276494.0 1276494.0 1276494.0 1276494.0 1276494.0 1276494.0 0.0
6 	1484545.0 1484545.0 1484545.0 1484545.0 1484545.0 1484545.0 1484545.0 1484545.0 0.0
7 	1703771.0 1703771.0 1703771.0 1703771.0 1703771.0 1703771.0 1703771.0 1703771.0 0.0
10 	796361.0 833980.0 871599.0 800122.9 815170.5 833980.0 852789.5 867837.1 37619.0
11 	808396.0 848936.5 889477.0 812450.05 828666.25 848936.5 869206.75 885422.95 40540.5
12 	822654.0 858845.5 895037.0 826273.15 840749.75 858845.5 876941.25 891417.85 36191.5
13 	831234.0 866826.0 902418.0 834793.2 849030.0 866826.0 884622.0 898858.8 35592.0
14 	842962.0 878266.0 913570.0 846492.4 860614.0 878266.0 895918.0 910039.6 35304.0
15 	852912.0 887848.5 922785.0 856405.65 870380.25 887848.5 905316.75 919291.35 34936.5
16 	875687.0 903916.0 932145.0 878509.9 889801.5 903916.0 918030.5 929322.1 28229.0
17 	876685.0 906868.0 937051.0 879703.3 891776.5 906868.0 921959.5 934032.7 30183.0
18 	892236.0 919932.0 947628.0 895005.6 906084.0 919932.0 933780.0 944858.4 27696.0
19 	899551.0 927411.5 955272.0 902337.05 913481.25 927411.5 941341.75 952485.95 27860.5
20 	912033.0 937770.5 963508.0 914606.75 924901.75 937770.5 950639.25 960934.25 25737.5
21 	926648.0 926648.0 926648.0 926648.0 926648.0 926648.0 926648.0 926648.0 0.0
22 	938374.0 938374.0 938374.0 938374.0 938374.0 938374.0 938374.0 938374.0 0.0
23 	947376.0 947376.0 947376.0 947376.0 947376.0 947376.0 947376.0 947376.0 0.0
24 	956645.0 956645.0 956645.0 956645.0 956645.0 956645.0 956645.0 956645.0 0.0
25 	968552.0 968552.0 968552.0 968552.0 968552.0 968552.0 968552.0 968552.0 0.0
26 	983511.0 983511.0 983511.0 983511.0 983511.0 983511.0 983511.0 983511.0 0.0
27 	993898.0 993898.0 993898.0 993898.0 993898.0 993898.0 993898.0 993898.0 0.0
28 	1000340.0 1000340.0 1000340.0 1000340.0 1000340.0 1000340.0 1000340.0 1000340.0 0.0
29 	1008147.0 1008147.0 1008147.0 1008147.0 1008147.0 1008147.0 1008147.0 1008147.0 0.0
30 	1028042.0 1028042.0 1028042.0 1028042.0 1028042.0 1028042.0 1028042.0 1028042.0 0.0
31 	1035114.0 1035114.0 1035114.0 1035114.0 1035114.0 1035114.0 1035114.0 1035114.0 0.0
32 	1045827.0 1045827.0 1045827.0 1045827.0 1045827.0 1045827.0 1045827.0 1045827.0 0.0
33 	1052256.0 1052256.0 1052256.0 1052256.0 1052256.0 1052256.0 1052256.0 1052256.0 0.0
34 	1069859.0 1069859.0 1069859.0 1069859.0 1069859.0 1069859.0 1069859.0 1069859.0 0.0
35 	1080033.0 1080033.0 1080033.0 1080033.0 1080033.0 1080033.0 1080033.0 1080033.0 0.0
36 	1074308.0 1074308.0 1074308.0 1074308.0 1074308.0 1074308.0 1074308.0 1074308.0 0.0
37 	1093458.0 1093458.0 1093458.0 1093458.0 1093458.0 1093458.0 1093458.0 1093458.0 0.0
38 	1093981.0 1093981.0 1093981.0 1093981.0 1093981.0 1093981.0 1093981.0 1093981.0 0.0
39 	1120631.0 1120631.0 1120631.0 1120631.0 1120631.0 1120631.0 1120631.0 1120631.0 0.0
40 	1131780.0 1131780.0 1131780.0 1131780.0 1131780.0 1131780.0 1131780.0 1131780.0 0.0
41 	1146808.0 1146808.0 1146808.0 1146808.0 1146808.0 1146808.0 1146808.0 1146808.0 0.0
42 	1156551.0 1156551.0 1156551.0 1156551.0 1156551.0 1156551.0 1156551.0 1156551.0 0.0
43 	1177766.0 1177766.0 1177766.0 1177766.0 1177766.0 1177766.0 1177766.0 1177766.0 0.0
44 	1188456.0 1188456.0 1188456.0 1188456.0 1188456.0 1188456.0 1188456.0 1188456.0 0.0
45 	1211015.0 1211015.0 1211015.0 1211015.0 1211015.0 1211015.0 1211015.0 1211015.0 0.0
46 	1204432.0 1204432.0 1204432.0 1204432.0 1204432.0 1204432.0 1204432.0 1204432.0 0.0
47 	1235920.0 1235920.0 1235920.0 1235920.0 1235920.0 1235920.0 1235920.0 1235920.0 0.0
48 	1248070.0 1248070.0 1248070.0 1248070.0 1248070.0 1248070.0 1248070.0 1248070.0 0.0
49 	1276040.0 1276040.0 1276040.0 1276040.0 1276040.0 1276040.0 1276040.0 1276040.0 0.0
50 	1300974.0 1300974.0 1300974.0 1300974.0 1300974.0 1300974.0 1300974.0 1300974.0 0.0
51 	1312195.0 1312195.0 1312195.0 1312195.0 1312195.0 1312195.0 1312195.0 1312195.0 0.0
52 	1344015.0 1344015.0 1344015.0 1344015.0 1344015.0 1344015.0 1344015.0 1344015.0 0.0
53 	1350564.0 1350564.0 1350564.0 1350564.0 1350564.0 1350564.0 1350564.0 1350564.0 0.0
54 	1367987.0 1367987.0 1367987.0 1367987.0 1367987.0 1367987.0 1367987.0 1367987.0 0.0
55 	1333207.0 1333207.0 1333207.0 1333207.0 1333207.0 1333207.0 1333207.0 1333207.0 0.0
56 	1402918.0 1402918.0 1402918.0 1402918.0 1402918.0 1402918.0 1402918.0 1402918.0 0.0
57 	1427772.0 1427772.0 1427772.0 1427772.0 1427772.0 1427772.0 1427772.0 1427772.0 0.0
58 	1436158.0 1436158.0 1436158.0 1436158.0 1436158.0 1436158.0 1436158.0 1436158.0 0.0
59 	1451311.0 1451311.0 1451311.0 1451311.0 1451311.0 1451311.0 1451311.0 1451311.0 0.0
60 	1484848.0 1484848.0 1484848.0 1484848.0 1484848.0 1484848.0 1484848.0 1484848.0 0.0
61 	1495909.0 1495909.0 1495909.0 1495909.0 1495909.0 1495909.0 1495909.0 1495909.0 0.0
62 	1533545.0 1533545.0 1533545.0 1533545.0 1533545.0 1533545.0 1533545.0 1533545.0 0.0
63 	1548386.0 1548386.0 1548386.0 1548386.0 1548386.0 1548386.0 1548386.0 1548386.0 0.0
64 	1557738.0 1557738.0 1557738.0 1557738.0 1557738.0 1557738.0 1557738.0 1557738.0 0.0
65 	1579013.0 1579013.0 1579013.0 1579013.0 1579013.0 1579013.0 1579013.0 1579013.0 0.0
66 	1613327.0 1613327.0 1613327.0 1613327.0 1613327.0 1613327.0 1613327.0 1613327.0 0.0
67 	1621263.0 1621263.0 1621263.0 1621263.0 1621263.0 1621263.0 1621263.0 1621263.0 0.0
68 	1659382.0 1659382.0 1659382.0 1659382.0 1659382.0 1659382.0 1659382.0 1659382.0 0.0
69 	1691047.0 1691047.0 1691047.0 1691047.0 1691047.0 1691047.0 1691047.0 1691047.0 0.0
70 	1714911.0 1714911.0 1714911.0 1714911.0 1714911.0 1714911.0 1714911.0 1714911.0 0.0
71 	1738766.0 1738766.0 1738766.0 1738766.0 1738766.0 1738766.0 1738766.0 1738766.0 0.0
72 	1756733.0 1756733.0 1756733.0 1756733.0 1756733.0 1756733.0 1756733.0 1756733.0 0.0
73 	1798584.0 1798584.0 1798584.0 1798584.0 1798584.0 1798584.0 1798584.0 1798584.0 0.0
74 	1815399.0 1815399.0 1815399.0 1815399.0 1815399.0 1815399.0 1815399.0 1815399.0 0.0
75 	1857769.0 1857769.0 1857769.0 1857769.0 1857769.0 1857769.0 1857769.0 1857769.0 0.0
01 	715472.0 745317.5 775163.0 718456.55 730394.75 745317.5 760240.25 772178.45 29845.5
02 	727232.0 757737.0 788242.0 730282.5 742484.5 757737.0 772989.5 785191.5 30505.0
03 	738317.0 766603.0 794889.0 741145.6 752460.0 766603.0 780746.0 792060.4 28286.0
04 	746585.0 771728.5 796872.0 749099.35 759156.75 771728.5 784300.25 794357.65 25143.5
05 	756868.0 784061.5 811255.0 759587.35 770464.75 784061.5 797658.25 808535.65 27193.5
06 	749356.0 774984.0 800612.0 751918.8 762170.0 774984.0 787798.0 798049.2 25628.0
07 	777001.0 807487.0 837973.0 780049.6 792244.0 807487.0 822730.0 834924.4 30486.0
08 	785656.0 815611.0 845566.0 788651.5 800633.5 815611.0 830588.5 842570.5 29955.0
09 	794575.0 831478.0 868381.0 798265.3 813026.5 831478.0 849929.5 864690.7 36903.0
