1 	776316.0 797789.5 819263.0 778463.35 787052.75 797789.5 808526.25 817115.65 21473.5
2 	881285.0 912517.0 943749.0 884408.2 896901.0 912517.0 928133.0 940625.8 31232.0
3 	833090.0 918276.0 1003462.0 841608.6 875683.0 918276.0 960869.0 994943.4 85186.0
4 	1068550.0 1068550.0 1068550.0 1068550.0 1068550.0 1068550.0 1068550.0 1068550.0 0.0
5 	1309510.0 1309510.0 1309510.0 1309510.0 1309510.0 1309510.0 1309510.0 1309510.0 0.0
6 	1549344.0 1549344.0 1549344.0 1549344.0 1549344.0 1549344.0 1549344.0 1549344.0 0.0
7 	1825294.0 1825294.0 1825294.0 1825294.0 1825294.0 1825294.0 1825294.0 1825294.0 0.0
10 	777149.0 805144.0 833139.0 779948.5 791146.5 805144.0 819141.5 830339.5 27995.0
11 	784736.0 812197.0 839658.0 787482.1 798466.5 812197.0 825927.5 836911.9 27461.0
12 	793545.0 825649.5 857754.0 796755.45 809597.25 825649.5 841701.75 854543.55 32104.5
13 	800309.0 835780.5 871252.0 803856.15 818044.75 835780.5 853516.25 867704.85 35471.5
14 	813364.0 846453.0 879542.0 816672.9 829908.5 846453.0 862997.5 876233.1 33089.0
15 	825499.0 857697.5 889896.0 828718.85 841598.25 857697.5 873796.75 886676.15 32198.5
16 	837222.0 869985.5 902749.0 840498.35 853603.75 869985.5 886367.25 899472.65 32763.5
17 	842533.0 878344.5 914156.0 846114.15 860438.75 878344.5 896250.25 910574.85 35811.5
18 	851206.0 884106.0 917006.0 854496.0 867656.0 884106.0 900556.0 913716.0 32900.0
19 	868693.0 898467.0 928241.0 871670.4 883580.0 898467.0 913354.0 925263.6 29774.0
20 	879297.0 906987.5 934678.0 882066.05 893142.25 906987.5 920832.75 931908.95 27690.5
21 	889373.0 918255.0 947137.0 892261.2 903814.0 918255.0 932696.0 944248.8 28882.0
22 	904113.0 934072.0 964031.0 907108.9 919092.5 934072.0 949051.5 961035.1 29959.0
23 	913198.0 913198.0 913198.0 913198.0 913198.0 913198.0 913198.0 913198.0 0.0
24 	879926.0 925480.0 971034.0 884481.4 902703.0 925480.0 948257.0 966478.6 45554.0
25 	762082.0 776142.0 790202.0 763488.0 769112.0 776142.0 783172.0 788796.0 14060.0
26 	906889.0 906889.0 906889.0 906889.0 906889.0 906889.0 906889.0 906889.0 0.0
27 	958782.0 958782.0 958782.0 958782.0 958782.0 958782.0 958782.0 958782.0 0.0
28 	967449.0 967449.0 967449.0 967449.0 967449.0 967449.0 967449.0 967449.0 0.0
29 	968390.0 968390.0 968390.0 968390.0 968390.0 968390.0 968390.0 968390.0 0.0
30 	994891.0 994891.0 994891.0 994891.0 994891.0 994891.0 994891.0 994891.0 0.0
31 	1008408.0 1008408.0 1008408.0 1008408.0 1008408.0 1008408.0 1008408.0 1008408.0 0.0
32 	1015957.0 1015957.0 1015957.0 1015957.0 1015957.0 1015957.0 1015957.0 1015957.0 0.0
33 	1025246.0 1025246.0 1025246.0 1025246.0 1025246.0 1025246.0 1025246.0 1025246.0 0.0
34 	1051927.0 1051927.0 1051927.0 1051927.0 1051927.0 1051927.0 1051927.0 1051927.0 0.0
35 	1057065.0 1057065.0 1057065.0 1057065.0 1057065.0 1057065.0 1057065.0 1057065.0 0.0
36 	1080409.0 1080409.0 1080409.0 1080409.0 1080409.0 1080409.0 1080409.0 1080409.0 0.0
37 	1093319.0 1093319.0 1093319.0 1093319.0 1093319.0 1093319.0 1093319.0 1093319.0 0.0
38 	1105590.0 1105590.0 1105590.0 1105590.0 1105590.0 1105590.0 1105590.0 1105590.0 0.0
39 	1014674.0 1014674.0 1014674.0 1014674.0 1014674.0 1014674.0 1014674.0 1014674.0 0.0
40 	1121100.0 1121100.0 1121100.0 1121100.0 1121100.0 1121100.0 1121100.0 1121100.0 0.0
41 	1152983.0 1152983.0 1152983.0 1152983.0 1152983.0 1152983.0 1152983.0 1152983.0 0.0
42 	1162330.0 1162330.0 1162330.0 1162330.0 1162330.0 1162330.0 1162330.0 1162330.0 0.0
43 	1173562.0 1173562.0 1173562.0 1173562.0 1173562.0 1173562.0 1173562.0 1173562.0 0.0
44 	1200045.0 1200045.0 1200045.0 1200045.0 1200045.0 1200045.0 1200045.0 1200045.0 0.0
45 	1221179.0 1221179.0 1221179.0 1221179.0 1221179.0 1221179.0 1221179.0 1221179.0 0.0
46 	1243023.0 1243023.0 1243023.0 1243023.0 1243023.0 1243023.0 1243023.0 1243023.0 0.0
47 	1257292.0 1257292.0 1257292.0 1257292.0 1257292.0 1257292.0 1257292.0 1257292.0 0.0
48 	1281188.0 1281188.0 1281188.0 1281188.0 1281188.0 1281188.0 1281188.0 1281188.0 0.0
49 	1253798.0 1253798.0 1253798.0 1253798.0 1253798.0 1253798.0 1253798.0 1253798.0 0.0
50 	1320770.0 1320770.0 1320770.0 1320770.0 1320770.0 1320770.0 1320770.0 1320770.0 0.0
51 	1310680.0 1310680.0 1310680.0 1310680.0 1310680.0 1310680.0 1310680.0 1310680.0 0.0
52 	1285047.0 1285047.0 1285047.0 1285047.0 1285047.0 1285047.0 1285047.0 1285047.0 0.0
53 	1139957.0 1139957.0 1139957.0 1139957.0 1139957.0 1139957.0 1139957.0 1139957.0 0.0
54 	1415358.0 1415358.0 1415358.0 1415358.0 1415358.0 1415358.0 1415358.0 1415358.0 0.0
55 	1432386.0 1432386.0 1432386.0 1432386.0 1432386.0 1432386.0 1432386.0 1432386.0 0.0
56 	1458348.0 1458348.0 1458348.0 1458348.0 1458348.0 1458348.0 1458348.0 1458348.0 0.0
57 	1455690.0 1455690.0 1455690.0 1455690.0 1455690.0 1455690.0 1455690.0 1455690.0 0.0
58 	1463916.0 1463916.0 1463916.0 1463916.0 1463916.0 1463916.0 1463916.0 1463916.0 0.0
59 	1502690.0 1502690.0 1502690.0 1502690.0 1502690.0 1502690.0 1502690.0 1502690.0 0.0
60 	1553801.0 1553801.0 1553801.0 1553801.0 1553801.0 1553801.0 1553801.0 1553801.0 0.0
01 	692692.0 722985.5 753279.0 695721.35 707838.75 722985.5 738132.25 750249.65 30293.5
02 	703735.0 733342.0 762949.0 706695.7 718538.5 733342.0 748145.5 759988.3 29607.0
03 	717513.0 748792.5 780072.0 720640.95 733152.75 748792.5 764432.25 776944.05 31279.5
04 	725668.0 754768.0 783868.0 728578.0 740218.0 754768.0 769318.0 780958.0 29100.0
05 	716351.0 752862.5 789374.0 720002.15 734606.75 752862.5 771118.25 785722.85 36511.5
06 	746697.0 771046.0 795395.0 749131.9 758871.5 771046.0 783220.5 792960.1 24349.0
07 	756582.0 782390.0 808198.0 759162.8 769486.0 782390.0 795294.0 805617.2 25808.0
08 	743843.0 768456.5 793070.0 746304.35 756149.75 768456.5 780763.25 790608.65 24613.5
09 	769024.0 792927.5 816831.0 771414.35 780975.75 792927.5 804879.25 814440.65 23903.5
