ContributionTS
1,1
ConsumptionTS
1,0.756886
RationTS
1,2,0.0171699,0.0227664,0.737714
1,3,0.0341059,0.0452308,0.737849
1,4,0.0501553,0.0661706,0.734025
1,5,0.0675395,0.089303,0.73565
1,6,0.0845068,0.111775,0.735894
1,7,0.100807,0.133026,0.734188
1,8,0.116317,0.153045,0.732043
1,9,0.134412,0.177688,0.735502
1,10,0.151872,0.200996,0.736328
1,11,0.0443811,0,0
1,12,0.0399174,0,0
1,13,0.035379,0,0
1,14,0.0310006,0,0
1,15,0.0264464,0,0
1,16,0.0220756,0,0
1,17,0.0175982,0,0
1,18,0.0131485,0,0
1,19,0.00880881,0,0
1,20,0.00435851,0,0
