10 	0.0 4.44435566716 47.0 1.0 2.0 2.0 3.0 23.0 47.0 7.28720198663
11 	0.0 4.49008829893 47.0 1.0 2.0 2.0 3.0 23.0 47.0 7.38371469739
12 	0.0 4.50744655297 49.0 1.0 2.0 2.0 3.0 23.0 48.0 7.40306918643
13 	0.0 4.65925239419 52.0 1.0 2.0 2.0 3.0 24.0 51.0 7.76177502221
14 	0.0 4.53583596215 47.0 1.0 2.0 2.0 3.0 23.0 46.4151 7.40738034714
15 	0.0 4.5743957946 48.0 1.0 2.0 2.0 3.0 23.0 48.0 7.49810931435
16 	0.0 4.63143026082 51.0 1.0 2.0 2.0 2.0 24.0 51.0 7.77629848939
17 	0.0 4.74465954606 53.0 1.0 2.0 2.0 2.0 24.0 53.0 8.05237496069
18 	0.0 4.35969067856 47.0 1.0 2.0 2.0 2.0 24.0 46.0 7.34763450567
19 	0.0 4.43176319909 48.0 1.0 2.0 2.0 2.0 24.0 48.0 7.58248630344
20 	0.0 4.01832129292 40.0 1.0 1.0 2.0 2.0 22.0 40.0 6.85786222486
21 	0.0 3.93245952197 40.0 1.0 1.0 2.0 2.0 22.0 39.7031 6.73556501899
22 	0.0 4.00125934671 40.0 1.0 1.0 2.0 2.0 22.0 40.0 6.79049489543
23 	0.0 3.70726460367 41.0 1.0 1.0 2.0 2.0 21.0 41.0 6.45582439011
24 	0.0 3.67872722607 41.0 1.0 1.0 2.0 2.0 21.0 41.0 6.48803073086
25 	0.0 3.56060739825 41.0 1.0 1.0 2.0 2.0 20.0 40.0 6.20762952694
26 	0.0 3.54205349756 39.0 1.0 1.0 2.0 2.0 20.0 39.0 6.09979596781
27 	0.0 3.65378744514 40.0 1.0 1.0 2.0 2.0 20.0 40.0 6.39648016223
28 	0.0 3.71472575517 42.0 1.0 1.0 2.0 2.0 21.0 42.0 6.56166464623
29 	0.0 3.76365721435 40.0 1.0 1.0 2.0 2.0 21.0 40.0 6.52715514328
30 	0.0 3.89794587545 40.0 1.0 1.0 2.0 2.0 22.0 40.0 6.82468819807
31 	0.0 3.94484167518 41.0 1.0 1.0 2.0 2.0 22.0 41.0 6.91099102622
32 	0.0 4.1654376784 39.0 1.0 1.0 2.0 2.0 23.0 39.0 7.00061907849
33 	0.0 4.18687057068 42.0 1.0 1.0 2.0 2.0 24.0 42.0 7.36104762906
34 	0.0 4.19905894654 42.0 1.0 1.0 2.0 2.0 23.0 41.235 7.34643983001
35 	0.0 4.29438294383 40.0 1.0 1.0 2.0 2.0 23.0 40.0 7.39685023166
36 	0.0 4.47179780094 41.0 1.0 1.0 2.0 2.0 24.0 41.0 7.69843566976
37 	0.0 4.54261363636 43.0 1.0 1.0 2.0 2.0 25.0 43.0 7.86250960468
38 	0.0 4.36905142127 41.0 1.0 1.0 2.0 2.0 25.0 40.3739 7.67407505858
39 	0.0 4.57691024358 42.0 1.0 1.0 2.0 2.0 27.0 42.0 8.00030284272
40 	0.0 4.61267728944 41.0 1.0 1.0 2.0 2.0 26.0 41.0 7.98590557321
41 	0.0 4.83370247324 42.0 1.0 1.0 2.0 2.0 27.0 42.0 8.35126714709
42 	0.0 4.95730769231 42.0 1.0 1.0 2.0 2.0 27.0 42.0 8.46072967288
43 	0.0 5.06405334411 41.0 1.0 1.0 2.0 2.0 28.0 41.0 8.56761696357
44 	0.0 5.2816104005 44.0 1.0 1.0 2.0 2.0 29.0 43.5232 9.04823630627
45 	0.0 4.68751431844 41.0 1.0 1.0 2.0 2.0 26.0 41.0 8.04391966951
46 	0.0 4.72076199662 41.0 1.0 1.0 2.0 2.0 25.0 41.0 8.09633703302
47 	0.0 4.79432079816 40.0 1.0 1.0 2.0 2.0 25.0 40.0 8.02462687356
48 	0.0 4.99890978468 40.0 1.0 1.0 2.0 2.0 26.0 40.0 8.22330738277
49 	0.0 5.12971428571 40.0 1.0 1.0 1.0 2.0 26.0 40.0 8.44462821163
50 	0.0 5.39067669173 82.0 1.0 1.0 1.0 2.0 27.0 82.0 9.23252685746
51 	0.0 5.54180168503 38.0 1.0 1.0 1.0 2.0 28.0 38.0 8.73339749927
52 	0.0 5.88865692415 39.0 1.0 1.0 1.0 3.0 28.0 39.0 9.04378066739
53 	0.0 5.8688172043 38.0 1.0 1.0 1.0 4.0 27.0 38.0 8.87164520059
54 	0.0 5.81914893617 38.0 1.0 1.0 1.0 2.0 28.0 38.0 9.08817652047
55 	0.0 5.60463157895 36.0 1.0 1.0 1.0 3.0 26.0 36.0 8.48681327714
56 	0.0 5.87427031881 37.0 1.0 1.0 1.0 6.0 26.0 37.0 8.76102924594
57 	0.0 6.19410085633 36.0 1.0 1.0 1.0 9.0 27.0 36.0 8.97259828087
58 	0.0 6.3326520184 36.0 1.0 1.0 1.0 10.0 25.0 36.0 8.83379848508
59 	0.0 6.76167209555 37.0 1.0 1.0 1.0 12.0 27.0 37.0 9.34268495895
60 	0.0 7.08053302433 36.0 1.0 1.0 1.0 14.0 27.0 36.0 9.39483493576
61 	0.0 7.53634697618 37.0 1.0 1.0 1.0 15.0 28.0 37.0 9.82513847084
62 	0.0 7.74397394137 36.0 1.0 1.0 2.0 15.0 27.0 36.0 9.74115757921
63 	0.0 7.88750862664 36.0 1.0 1.0 1.0 15.0 27.0 36.0 9.65829808053
64 	0.0 8.39435545385 42.0 1.0 1.0 1.0 16.0 30.0 42.0 10.6918961103
65 	0.0 8.15248796148 36.0 0.0 1.0 2.0 15.0 28.0 36.0 9.86046417985
66 	0.0 9.10323159785 37.0 1.0 1.0 2.0 17.0 28.0 37.0 10.1560149403
67 	0.0 9.97411313519 38.0 1.0 1.0 2.0 19.0 30.0 38.0 10.6580377644
68 	0.0 10.46782988 36.0 1.0 1.0 9.0 18.0 29.0 35.9084 10.0901228457
69 	0.0 15.6600985222 73.0 1.0 1.0 10.0 21.0 49.45 73.0 18.1845420738
70 	0.0 12.3359375 36.0 1.0 1.0 13.0 20.0 30.65 36.0 10.1239279348
71 	0.0 12.7991573034 36.0 1.0 1.0 13.0 20.0 31.0 35.9289 9.97034081258
72 	0.0 14.3427719821 36.0 1.0 2.0 16.0 22.0 32.0 36.0 10.159470811
73 	0.0 15.0288924559 36.0 1.0 8.0 16.0 22.0 32.0 36.0 9.82687048478
74 	0.0 14.795379538 35.0 1.0 8.0 15.5 21.0 30.75 35.0 9.14339624116
75 	0.0 15.4397905759 35.0 1.0 10.0 16.0 21.0 31.0 35.0 8.8464872368
76 	0.0 16.3011152416 37.0 1.0 10.0 16.0 22.0 33.0 37.0 9.23658671113
77 	0.0 16.2395437262 34.0 1.0 11.0 16.0 22.0 31.0 34.0 8.49220370376
78 	0.0 17.4221789883 36.0 1.0 13.0 17.0 23.0 33.0 36.0 8.64917026221
79 	0.0 17.9595959596 37.0 1.0 13.0 17.0 23.0 33.0 37.0 8.47303410281
80 	0.0 17.8098159509 35.0 1.0 13.0 17.0 23.0 32.0 35.0 7.85285339925
81 	0.0 20.5878661088 42.0 6.0 15.0 20.0 25.0 39.0 42.0 9.47886987502
82 	0.0 18.9179600887 36.0 6.0 14.0 18.0 24.0 33.0 36.0 7.67926406005
83 	1.0 18.7746478873 34.0 11.25 14.0 18.0 23.0 31.0 34.0 6.27132347399
84 	1.0 25.5101522843 73.0 10.0 14.0 19.0 32.0 67.0 73.0 16.8295771933
85 	1.0 15.1391304348 23.0 9.0 12.0 15.0 19.0 22.0 23.0 4.73999992024
86 	1.0 13.358974359 20.0 9.0 11.0 13.0 16.0 19.0 19.9884 3.46524018595
87 	11.0 15.5391304348 20.0 12.0 13.0 15.0 18.0 20.0 20.0 2.75771473293
88 	9.0 14.1415929204 21.0 9.6 12.0 14.0 17.0 20.0 20.9888 3.16749882242
89 	9.0 14.3451327434 21.0 10.0 11.0 14.0 17.0 20.0 21.0 3.38337923841
90 	8.0 14.0 21.0 9.0 11.0 13.0 17.0 20.0 21.0 3.49744804924
01 	0.0 4.52606429192 54.0 0.0 1.0 1.0 4.0 23.0 54.0 8.38238510338
02 	0.0 4.44881090487 53.0 0.0 1.0 1.0 4.0 23.0 53.0 8.18161322661
03 	0.0 4.59688908272 55.0 0.0 1.0 1.0 4.0 24.0 55.0 8.57094736566
04 	0.0 4.47896345902 53.0 0.0 1.0 1.0 4.0 23.0 53.0 8.27025859359
05 	0.0 4.56140606768 53.0 0.0 1.0 1.0 4.0 24.0 53.0 8.34032314052
06 	0.0 4.69083467329 57.0 0.0 1.0 1.0 4.0 24.0 57.0 8.8554398694
07 	0.0 4.56121851201 54.0 0.0 1.0 1.0 4.0 24.0 53.3173 8.38794126584
08 	0.0 4.58053149317 53.0 0.0 1.0 1.0 4.0 24.0 53.0 8.38884482148
09 	0.0 4.50669807154 53.0 0.0 1.0 1.0 4.0 23.0 53.0 8.2747778438
01 	1.0 7.80573371269 111.0 1.0 2.0 2.0 3.0 42.0 110.0 14.8920467947
02 	1.0 7.81088488645 109.0 1.0 2.0 2.0 3.0 42.0 108.9137 14.8188524449
03 	0.0 7.97345440111 112.0 1.0 2.0 2.0 3.0 43.0 112.0 15.2404364749
04 	0.0 7.95606988653 110.0 1.0 2.0 2.0 3.0 43.0 110.0 15.1625866724
05 	0.0 7.92991837883 111.0 1.0 2.0 2.0 3.0 43.0 110.0 15.180309764
06 	0.0 8.09801931236 112.0 1.0 2.0 2.0 3.0 44.0 112.0 15.4839786434
07 	0.0 8.13856678729 112.0 1.0 2.0 2.0 3.0 44.0 111.2142 15.6250009777
08 	0.0 8.30604330497 109.0 1.0 2.0 2.0 4.0 44.0 108.0 15.4881294385
09 	0.0 8.36501422631 110.0 1.0 2.0 2.0 4.0 45.0 110.0 15.834012939
01 	1.0 7.83261802575 110.0 1.0 2.0 2.0 3.0 42.0 110.0 14.8821429884
