10 	805926.0 844193.5 882461.0 809752.75 825059.75 844193.5 863327.25 878634.25 38267.5
11 	826185.0 861443.5 896702.0 829710.85 843814.25 861443.5 879072.75 893176.15 35258.5
12 	838312.0 874102.5 909893.0 841891.05 856207.25 874102.5 891997.75 906313.95 35790.5
13 	847490.0 880864.5 914239.0 850827.45 864177.25 880864.5 897551.75 910901.55 33374.5
14 	862498.0 893746.0 924994.0 865622.8 878122.0 893746.0 909370.0 921869.2 31248.0
15 	868330.0 902093.5 935857.0 871706.35 885211.75 902093.5 918975.25 932480.65 33763.5
16 	890394.0 917117.0 943840.0 893066.3 903755.5 917117.0 930478.5 941167.7 26723.0
17 	896257.0 920607.0 944957.0 898692.0 908432.0 920607.0 932782.0 942522.0 24350.0
18 	911048.0 934823.0 958598.0 913425.5 922935.5 934823.0 946710.5 956220.5 23775.0
19 	921109.0 921109.0 921109.0 921109.0 921109.0 921109.0 921109.0 921109.0 0.0
20 	935022.0 935022.0 935022.0 935022.0 935022.0 935022.0 935022.0 935022.0 0.0
21 	953902.0 953902.0 953902.0 953902.0 953902.0 953902.0 953902.0 953902.0 0.0
22 	952840.0 952840.0 952840.0 952840.0 952840.0 952840.0 952840.0 952840.0 0.0
23 	963391.0 963391.0 963391.0 963391.0 963391.0 963391.0 963391.0 963391.0 0.0
24 	980925.0 980925.0 980925.0 980925.0 980925.0 980925.0 980925.0 980925.0 0.0
25 	991300.0 991300.0 991300.0 991300.0 991300.0 991300.0 991300.0 991300.0 0.0
26 	1008903.0 1008903.0 1008903.0 1008903.0 1008903.0 1008903.0 1008903.0 1008903.0 0.0
27 	1021432.0 1021432.0 1021432.0 1021432.0 1021432.0 1021432.0 1021432.0 1021432.0 0.0
28 	1026718.0 1026718.0 1026718.0 1026718.0 1026718.0 1026718.0 1026718.0 1026718.0 0.0
29 	1043146.0 1043146.0 1043146.0 1043146.0 1043146.0 1043146.0 1043146.0 1043146.0 0.0
30 	1046870.0 1046870.0 1046870.0 1046870.0 1046870.0 1046870.0 1046870.0 1046870.0 0.0
31 	1057099.0 1057099.0 1057099.0 1057099.0 1057099.0 1057099.0 1057099.0 1057099.0 0.0
32 	1024338.0 1024338.0 1024338.0 1024338.0 1024338.0 1024338.0 1024338.0 1024338.0 0.0
33 	1089476.0 1089476.0 1089476.0 1089476.0 1089476.0 1089476.0 1089476.0 1089476.0 0.0
34 	1111410.0 1111410.0 1111410.0 1111410.0 1111410.0 1111410.0 1111410.0 1111410.0 0.0
35 	1121090.0 1121090.0 1121090.0 1121090.0 1121090.0 1121090.0 1121090.0 1121090.0 0.0
36 	1109465.0 1109465.0 1109465.0 1109465.0 1109465.0 1109465.0 1109465.0 1109465.0 0.0
37 	1138395.0 1138395.0 1138395.0 1138395.0 1138395.0 1138395.0 1138395.0 1138395.0 0.0
38 	1150958.0 1150958.0 1150958.0 1150958.0 1150958.0 1150958.0 1150958.0 1150958.0 0.0
39 	1123336.0 1123336.0 1123336.0 1123336.0 1123336.0 1123336.0 1123336.0 1123336.0 0.0
40 	1180301.0 1180301.0 1180301.0 1180301.0 1180301.0 1180301.0 1180301.0 1180301.0 0.0
41 	1196314.0 1196314.0 1196314.0 1196314.0 1196314.0 1196314.0 1196314.0 1196314.0 0.0
42 	1211572.0 1211572.0 1211572.0 1211572.0 1211572.0 1211572.0 1211572.0 1211572.0 0.0
43 	1235053.0 1235053.0 1235053.0 1235053.0 1235053.0 1235053.0 1235053.0 1235053.0 0.0
44 	1267786.0 1267786.0 1267786.0 1267786.0 1267786.0 1267786.0 1267786.0 1267786.0 0.0
45 	1261217.0 1261217.0 1261217.0 1261217.0 1261217.0 1261217.0 1261217.0 1261217.0 0.0
46 	1326365.0 1326365.0 1326365.0 1326365.0 1326365.0 1326365.0 1326365.0 1326365.0 0.0
47 	1333086.0 1333086.0 1333086.0 1333086.0 1333086.0 1333086.0 1333086.0 1333086.0 0.0
48 	1343637.0 1343637.0 1343637.0 1343637.0 1343637.0 1343637.0 1343637.0 1343637.0 0.0
49 	1370634.0 1370634.0 1370634.0 1370634.0 1370634.0 1370634.0 1370634.0 1370634.0 0.0
50 	1388643.0 1388643.0 1388643.0 1388643.0 1388643.0 1388643.0 1388643.0 1388643.0 0.0
51 	1404098.0 1404098.0 1404098.0 1404098.0 1404098.0 1404098.0 1404098.0 1404098.0 0.0
52 	1418636.0 1418636.0 1418636.0 1418636.0 1418636.0 1418636.0 1418636.0 1418636.0 0.0
53 	1423319.0 1423319.0 1423319.0 1423319.0 1423319.0 1423319.0 1423319.0 1423319.0 0.0
54 	1430771.0 1430771.0 1430771.0 1430771.0 1430771.0 1430771.0 1430771.0 1430771.0 0.0
55 	1488888.0 1488888.0 1488888.0 1488888.0 1488888.0 1488888.0 1488888.0 1488888.0 0.0
56 	1500662.0 1500662.0 1500662.0 1500662.0 1500662.0 1500662.0 1500662.0 1500662.0 0.0
57 	1533537.0 1533537.0 1533537.0 1533537.0 1533537.0 1533537.0 1533537.0 1533537.0 0.0
58 	1549246.0 1549246.0 1549246.0 1549246.0 1549246.0 1549246.0 1549246.0 1549246.0 0.0
59 	1575862.0 1575862.0 1575862.0 1575862.0 1575862.0 1575862.0 1575862.0 1575862.0 0.0
60 	1595038.0 1595038.0 1595038.0 1595038.0 1595038.0 1595038.0 1595038.0 1595038.0 0.0
61 	1627990.0 1627990.0 1627990.0 1627990.0 1627990.0 1627990.0 1627990.0 1627990.0 0.0
62 	1647732.0 1647732.0 1647732.0 1647732.0 1647732.0 1647732.0 1647732.0 1647732.0 0.0
63 	1700563.0 1700563.0 1700563.0 1700563.0 1700563.0 1700563.0 1700563.0 1700563.0 0.0
64 	1698967.0 1698967.0 1698967.0 1698967.0 1698967.0 1698967.0 1698967.0 1698967.0 0.0
65 	1743378.0 1743378.0 1743378.0 1743378.0 1743378.0 1743378.0 1743378.0 1743378.0 0.0
66 	1771861.0 1771861.0 1771861.0 1771861.0 1771861.0 1771861.0 1771861.0 1771861.0 0.0
67 	1791110.0 1791110.0 1791110.0 1791110.0 1791110.0 1791110.0 1791110.0 1791110.0 0.0
68 	1829263.0 1829263.0 1829263.0 1829263.0 1829263.0 1829263.0 1829263.0 1829263.0 0.0
73 	702793.0 702793.0 702793.0 702793.0 702793.0 702793.0 702793.0 702793.0 0.0
74 	765699.0 765699.0 765699.0 765699.0 765699.0 765699.0 765699.0 765699.0 0.0
77 	762820.0 762820.0 762820.0 762820.0 762820.0 762820.0 762820.0 762820.0 0.0
01 	1559718.0 1559718.0 1559718.0 1559718.0 1559718.0 1559718.0 1559718.0 1559718.0 0.0
02 	1563391.0 1563391.0 1563391.0 1563391.0 1563391.0 1563391.0 1563391.0 1563391.0 0.0
03 	1570789.0 1570789.0 1570789.0 1570789.0 1570789.0 1570789.0 1570789.0 1570789.0 0.0
04 	1557128.0 1557128.0 1557128.0 1557128.0 1557128.0 1557128.0 1557128.0 1557128.0 0.0
05 	1551965.0 1551965.0 1551965.0 1551965.0 1551965.0 1551965.0 1551965.0 1551965.0 0.0
06 	1568818.0 1568818.0 1568818.0 1568818.0 1568818.0 1568818.0 1568818.0 1568818.0 0.0
07 	1580080.0 1580080.0 1580080.0 1580080.0 1580080.0 1580080.0 1580080.0 1580080.0 0.0
08 	1566725.0 1566725.0 1566725.0 1566725.0 1566725.0 1566725.0 1566725.0 1566725.0 0.0
09 	1586745.0 1586745.0 1586745.0 1586745.0 1586745.0 1586745.0 1586745.0 1586745.0 0.0
01 	715692.0 747581.0 779470.0 718880.9 731636.5 747581.0 763525.5 776281.1 31889.0
02 	724580.0 753931.0 783282.0 727515.1 739255.5 753931.0 768606.5 780346.9 29351.0
03 	737064.0 765419.5 793775.0 739899.55 751241.75 765419.5 779597.25 790939.45 28355.5
04 	752454.0 778627.0 804800.0 755071.3 765540.5 778627.0 791713.5 802182.7 26173.0
05 	759092.0 788475.5 817859.0 762030.35 773783.75 788475.5 803167.25 814920.65 29383.5
06 	767010.0 795881.0 824752.0 769897.1 781445.5 795881.0 810316.5 821864.9 28871.0
07 	782172.0 811702.0 841232.0 785125.0 796937.0 811702.0 826467.0 838279.0 29530.0
08 	744629.0 783720.0 822811.0 748538.1 764174.5 783720.0 803265.5 818901.9 39091.0
09 	792816.0 827072.0 861328.0 796241.6 809944.0 827072.0 844200.0 857902.4 34256.0
01 	713184.0 745854.5 778525.0 716451.05 729519.25 745854.5 762189.75 775257.95 32670.5
